1.3e24   1.55889                  4091.16855
1.5e24   1.53384                  12405.60881
1.7e24   1.50873                  20354.17
2.0e24   1.46901                  30566.8174
2.1e24   1.45581                  35266.821
2.2e24   1.44088                  36716.5141
2.4e24   1.41309                  46102.9646 
2.5e24   1.39978                  49055.1104
2.6e24   1.38571                  27383.6326
2.7e24   1.37206                  56657.5608
2.8e24   1.35734                  58002.3749